/*
 * Academic License - for use in teaching, academic research, and meeting
 * course requirements at degree granting institutions only.  Not for
 * government, commercial, or other organizational use.
 *
 * File: adaptive_mpc_curvature_model_deployable_data.c
 *
 * Code generated for Simulink model 'adaptive_mpc_curvature_model_deployable'.
 *
 * Model version                  : 1.11
 * Simulink Coder version         : 24.2 (R2024b) 21-Jun-2024
 * C/C++ source code generated on : Fri Dec  6 17:21:10 2024
 *
 * Target selection: ert.tlc
 * Embedded hardware selection: ARM Compatible->ARM Cortex-M
 * Code generation objectives:
 *    1. Execution efficiency
 *    2. RAM efficiency
 * Validation result: Not run
 */

#include "adaptive_mpc_curvature_model_deployable.h"

/* Constant parameters (default storage) */
const ConstP rtConstP = {
  /* Expression: lastPcov
   * Referenced by: '<S4>/LastPcov'
   */
  { 2393.3696368848605, -2393.3696368848541, 1.9371762440795253E-12,
    -2.3726053125719567E-13, 12.0675844317893, 2.1540617188172213,
    -2393.3696368848541, 4893.3696368848487, 1249.9999999999982,
    2.90373682490978E-13, -12.067584431789395, -2.1540617188172342,
    1.9371762440795253E-12, 1249.9999999999982, 625.00000000000011,
    2.6321497197911381E-14, -4.5694104669727546E-14, -3.0440725811157906E-15,
    -2.3726053125719567E-13, 2.90373682490978E-13, 2.6321497197911381E-14,
    24.999999999999989, -4.1557007167988347E-15, -1.2618802622290492E-16,
    12.0675844317893, -12.067584431789395, -4.5694104669727546E-14,
    -4.1557007167988347E-15, 14.997258500311393, 0.24878242997836525,
    2.1540617188172213, -2.1540617188172342, -3.0440725811157906E-15,
    -1.2618802622290492E-16, 0.24878242997836525, 0.057007197146695755 }
};

/*
 * File trailer for generated code.
 *
 * [EOF]
 */
